1.0
1.0
0.8292682926829268
1.0
0.6538461538461539
0.8585365853658536
0.676056338028169
0.7464788732394366
0.6878048780487804
0.7338709677419355
0.5153374233128835
0.5060975609756098
0.5153374233128835
0.5214723926380368
0.2331288343558282
0.38028169014084506
0.621301775147929
0.5927835051546392
0.03076923076923077
0.4154929577464789
0.697560975609756
0.39263803680981596
0.17682926829268292
0.8414634146341463
0.4
0.5031847133757962
0.7216494845360825
0.6134969325153374
0.2230769230769231
0.6830985915492958
0.6082474226804123
0.6012269938650306
0.5563380281690141
0.5076923076923077
0.6390243902439025
0.8634146341463415
0.6538461538461539
0.7835051546391752
0.9146341463414634
0.9053254437869822
0.8873239436619719
0.9631901840490797
1.0
0.9242424242424242
1.0
0.845360824742268
0.8682926829268293
0.852760736196319
1.0
0.8466257668711656
0.9716981132075472
0.9381443298969072
0.9447852760736196
0.7976190476190477
0.7769230769230769
0.9072164948453608
0.823943661971831
0.8588957055214724
0.9631901840490797
0.845360824742268
0.15725806451612903
0.47058823529411764
0.4339622641509434
0.03524229074889868
0.2484076433121019
0.05384615384615385
0.0975609756097561
0.3231707317073171
0.015151515151515152
0.0
0.047337278106508875
0.07926829268292683
0.009433962264150943
0.005050505050505051
0.04225352112676056
0.05952380952380952
0.05583756345177665
0.023076923076923078
0.04225352112676056
0.03571428571428571
0.0
0.11904761904761904
0.0
0.04225352112676056
0.07048458149779736
0.1774193548387097
0.0
0.007352941176470588
0.13513513513513514
0.06097560975609756
0.0
0.07575757575757576
0.3121951219512195
0.025477707006369428
0.05952380952380952
0.011904761904761904
0.20238095238095238
0.02830188679245283
0.0
0.14634146341463414
0.5304878048780488
0.0
0.0
0.3597560975609756
0.40236686390532544
0.06097560975609756
0.03048780487804878
0.5060975609756098
0.2887323943661972
0.0
0.0
0.11834319526627218
0.0
0.03048780487804878
0.0
0.0
0.012195121951219513
0.010309278350515464
0.006097560975609756
0.0
0.014084507042253521
0.0
0.0
0.1975806451612903
0.10650887573964497
0.2862903225806452
0.3588709677419355
0.0
0.0
0.0
0.13095238095238096
0.0
0.0
0.1910828025477707
0.32882882882882886
0.09467455621301775
0.16153846153846155
0.47794117647058826
0.44878048780487806
0.18292682926829268
0.0
0.011904761904761904
0.0
0.0
0.3197969543147208
0.0
0.0
0.08888888888888889
0.2746478873239437
0.0
0.0
0.20270270270270271
0.09137055837563451
0.007042253521126761
0.0
0.012195121951219513
0.009009009009009009
0.1036036036036036
0.0
0.007042253521126761
0.047337278106508875
0.0
0.023809523809523808
0.01762114537444934
0.0
0.16463414634146342
0.04568527918781726
0.0045045045045045045
0.2436548223350254
0.46923076923076923
0.2727272727272727
0.0
0.6649746192893401
0.42424242424242425
0.8535353535353535
0.6102941176470589
0.024390243902439025
0.29411764705882354
0.00881057268722467
0.3006134969325153
0.7474747474747475
0.25925925925925924
0.40441176470588236
0.6890243902439024
0.2605633802816901
0.824390243902439
0.6114649681528662
1.0
0.7076923076923077
0.7065217391304348
0.5845070422535211
0.3963963963963964
0.40236686390532544
0.21649484536082475
0.40441176470588236
0.03608247422680412
0.007407407407407408
0.6855670103092784
0.6780487804878049
0.2846153846153846
0.15384615384615385
0.1509433962264151
0.02112676056338028
0.1267605633802817
0.19369369369369369
0.05855855855855856
0.013215859030837005
0.05855855855855856
0.18548387096774194
0.44329896907216493
0.0
0.06707317073170732
0.2641509433962264
0.05325443786982249
0.07692307692307693
0.36923076923076925
0.13076923076923078
0.029585798816568046
0.6384615384615384
0.5051546391752577
0.45384615384615384
0.4523809523809524
0.40476190476190477
0.573170731707317
0.10191082802547771
0.8810572687224669
0.2634146341463415
0.031914893617021274
0.2112676056338028
0.4880952380952381
0.14074074074074075
0.006097560975609756
0.5182926829268293
0.42452830188679247
0.0
0.02643171806167401
0.5
0.31382978723404253
0.0
0.13333333333333333
0.6951219512195121
0.08490566037735849
0.005319148936170213
0.3254437869822485
0.7560975609756098
0.023809523809523808
0.023668639053254437
0.5252525252525253
0.2
0.007692307692307693
0.0
0.7024390243902439
0.3431952662721893
0.005319148936170213
0.34234234234234234
0.5431472081218274
0.007692307692307693
0.038461538461538464
0.5426829268292683
0.20304568527918782
0.022058823529411766
0.21171171171171171
0.5704225352112676
0.0
0.024390243902439025
0.514792899408284
0.34814814814814815
0.015228426395939087
0.17682926829268292
0.591715976331361
0.24596774193548387
0.0
0.5060975609756098
0.75
0.0975609756097561
0.8980891719745223
0.23809523809523808
0.015384615384615385
0.6923076923076923
0.3496932515337423
0.0
0.17751479289940827
0.7258064516129032
0.16304347826086957
0.0
0.5939086294416244
0.5563380281690141
0.5073529411764706
0.33658536585365856
0.6219512195121951
0.6391752577319587
0.2074468085106383
0.26595744680851063
0.9329268292682927
0.4484536082474227
0.7426470588235294
0.40487804878048783
0.007042253521126761
0.3744493392070485
0.14919354838709678
0.0979381443298969
0.0
0.009433962264150943
0.09859154929577464
0.010101010101010102
0.0
0.03553299492385787
0.1065989847715736
0.03773584905660377
0.0
0.011904761904761904
0.0
0.0
0.030456852791878174
0.0
0.0
0.0
0.0
0.0
0.0
0.0
0.0
0.06306306306306306
0.08917197452229299
0.47804878048780486
0.592741935483871
0.6993865030674846
0.08917197452229299
0.08917197452229299
0.0
0.22282608695652173
0.17258883248730963
0.0
0.0
0.4225352112676056
0.2621951219512195
0.007042253521126761
0.0
0.649746192893401
0.24260355029585798
0.0
0.2182741116751269
0.5939086294416244
0.014084507042253521
0.0
0.2535211267605634
0.11585365853658537
0.009433962264150943
0.0
0.25
0.02112676056338028
0.007042253521126761
0.005076142131979695
0.0
0.02112676056338028
0.07926829268292683
0.0
0.1065989847715736
0.11219512195121951
0.009433962264150943
0.20382165605095542
0.2603550295857988
0.30985915492957744
0.06369426751592357
0.6701030927835051
0.6536585365853659
0.16296296296296298
0.047337278106508875
0.46923076923076923
0.5202020202020202
0.03184713375796178
0.08461538461538462
0.5360824742268041
0.35106382978723405
0.011834319526627219
0.25609756097560976
0.6341463414634146
0.17073170731707318
0.042682926829268296
0.8048780487804879
0.7464788732394366
0.7023809523809523
0.5031847133757962
0.056338028169014086
0.4461538461538462
0.6035242290748899
0.9263803680981595
0.2112676056338028
0.10650887573964497
0.21323529411764705
1.0
0.7771739130434783
0.07692307692307693
0.6050955414012739
0.10975609756097561
0.8307692307692308
0.7169811320754716
0.2112676056338028
0.49295774647887325
0.36792452830188677
0.8195876288659794
0.22085889570552147
0.009009009009009009
0.29347826086956524
0.44366197183098594
0.035211267605633804
0.12612612612612611
0.4601226993865031
0.2958579881656805
0.011834319526627219
0.43434343434343436
0.7268292682926829
0.6056338028169014
0.24878048780487805
0.7680412371134021
0.9742268041237113
0.5773195876288659
0.1116751269035533
0.7452830188679245
0.7676056338028169
0.0975609756097561
0.7771739130434783
0.07926829268292683
0.6585365853658537
0.22641509433962265
0.05185185185185185
0.4595959595959596
0.1952662721893491
0.5412371134020618
0.49079754601226994
0.15463917525773196
0.036585365853658534
0.4968152866242038
0.5951219512195122
0.3867924528301887
0.2112676056338028
0.40404040404040403
0.2857142857142857
0.19718309859154928
0.05952380952380952
0.006097560975609756
0.018867924528301886
0.0
0.0650887573964497
0.018867924528301886
0.04568527918781726
0.0
0.17010309278350516
0.018867924528301886
0.005319148936170213
0.14788732394366197
0.4891304347826087
0.02030456852791878
0.5661764705882353
0.5943396226415094
0.15384615384615385
0.15441176470588236
0.6243654822335025
0.14977973568281938
0.0
0.2323943661971831
0.10106382978723404
0.015228426395939087
0.0
0.2804878048780488
0.015957446808510637
0.0
0.0650887573964497
0.05732484076433121
0.04878048780487805
0.0
0.10365853658536585
0.0
0.046153846153846156
0.0
0.005076142131979695
0.0
0.02112676056338028
0.005917159763313609
0.0
0.0
0.09467455621301775
0.011834319526627219
0.007042253521126761
0.0
0.2112676056338028
0.2323943661971831
0.1656441717791411
0.18309859154929578
0.583756345177665
0.9024390243902439
0.4154929577464789
0.6895161290322581
0.16097560975609757
0.4793814432989691
0.4378698224852071
0.21951219512195122
0.007042253521126761
0.3732394366197183
0.4970414201183432
0.08148148148148149
0.044444444444444446
0.6219512195121951
0.5914634146341463
0.0
0.18274111675126903
0.5925925925925926
0.4260355029585799
0.0
0.2865853658536585
0.2765957446808511
0.01015228426395939
0.028169014084507043
0.2727272727272727
0.5
0.0
0.0
0.11464968152866242
0.0
0.09644670050761421
0.07042253521126761
0.31690140845070425
0.0
0.05583756345177665
0.2085889570552147
0.4110429447852761
0.12612612612612611
0.0
0.0
0.15492957746478872
0.14634146341463414
0.007352941176470588
0.006097560975609756
0.042682926829268296
0.28994082840236685
0.0
0.007042253521126761
0.07692307692307693
0.25
0.020618556701030927
0.0
0.3431952662721893
0.0
0.007042253521126761
0.038461538461538464
0.5939086294416244
0.5422535211267606
0.11261261261261261
0.27380952380952384
0.01775147928994083
0.6134969325153374
0.48292682926829267
0.01015228426395939
0.16463414634146342
0.6443298969072165
0.1165644171779141
0.0
0.33098591549295775
0.7730061349693251
0.10106382978723404
0.08536585365853659
0.8333333333333334
0.13705583756345177
0.6698113207547169
0.125
0.46923076923076923
0.824390243902439
0.3783783783783784
0.036036036036036036
0.21621621621621623
0.5495495495495496
0.09574468085106383
0.0
0.2
0.5585585585585585
0.3668639053254438
0.0
0.11764705882352941
0.6585365853658537
0.3829787234042553
0.0
0.4295774647887324
0.49295774647887325
0.10975609756097561
0.21341463414634146
0.591715976331361
0.33962264150943394
0.06153846153846154
0.5857988165680473
0.5563380281690141
0.34394904458598724
0.2393617021276596
0.8333333333333334
0.8475609756097561
0.4230769230769231
0.6102941176470589
0.18382352941176472
0.10714285714285714
0.04504504504504504
0.25477707006369427
0.0
0.05286343612334802
0.14792899408284024
0.5317073170731708
0.6958762886597938
0.5463414634146342
0.10377358490566038
0.3384615384615385
0.36082474226804123
0.3556701030927835
0.5532994923857868
0.3597560975609756
0.5769230769230769
0.05405405405405406
0.2867647058823529
0.8457446808510638
0.4845814977973568
0.0
0.21808510638297873
0.6338028169014085
0.33098591549295775
0.014814814814814815
0.5380710659898477
0.47692307692307695
0.07317073170731707
0.14361702127659576
0.6549295774647887
0.5426829268292683
0.0
0.1834319526627219
0.4878048780487805
0.17647058823529413
0.14788732394366197
0.45588235294117646
0.4507042253521127
0.16901408450704225
0.48223350253807107
0.5774647887323944
0.31952662721893493
0.11693548387096774
0.6491935483870968
0.5851851851851851
0.821656050955414
0.8109756097560976
0.34911242603550297
0.7055214723926381
0.6993865030674846
0.7461538461538462
0.4307692307692308
0.5119047619047619
1.0
0.39634146341463417
0.12264150943396226
0.6230769230769231
0.5
0.795774647887324
0.46846846846846846
0.7902439024390244
0.9354838709677419
0.8571428571428571
0.6612903225806451
0.971830985915493
0.75
0.9024390243902439
0.8814432989690721
0.7720588235294118
0.8661971830985915
0.8535031847133758
0.9573170731707317
0.9386503067484663
0.7738095238095238
0.9141104294478528
0.8098159509202454
1.0
0.7307692307692307
1.0
1.0
1.0
0.9166666666666666
0.9853658536585366
0.9585798816568047
0.8235294117647058
0.8692307692307693
0.9536082474226805
0.9521276595744681
0.8692307692307693
0.8769230769230769
0.8602941176470589
0.9872611464968153
1.0
0.8452380952380952
0.9463414634146341
0.9299363057324841
0.9171597633136095
1.0
0.8870967741935484
1.0
0.9595959595959596
0.9384615384615385
0.8690476190476191
0.9538461538461539
0.8308823529411765
1.0
0.9207317073170732
0.8159509202453987
0.9647887323943662
0.9056603773584906
0.8455882352941176
1.0
0.8928571428571429
0.8467741935483871
0.7927927927927928
0.9761904761904762
0.8461538461538461
0.7976190476190477
1.0
1.0
0.9787234042553191
0.9245283018867925
0.9877300613496932
0.9148936170212766
0.9191176470588235
0.9938650306748467
0.9468085106382979
0.9117647058823529
0.9948453608247423
0.8384615384615385
1.0
1.0
729
